Numbrix Puzzle
Created with the Numbrix Solver Generator by Joseph Larson
based on the Numbrix puzzle by Maryln Vos Savant.
Software version ver11Feb2009

Puzzle Code: 0909011234723427

+-----+-----+-----+-----+-----+-----+-----+-----+-----+
|     |     |     |     |     |     |     |     |     |
|  41 |  42 |  43 |     |  45 |     |  77 |  76 |  75 |
|     |     |     |     |     |     |     |     |     |
+-----+-----+-----+-----+-----+-----+-----+-----+-----+
|     |     |     |     |     |     |     |     |     |
|  40 |     |  38 |     |     |     |  72 |     |  74 |
|     |     |     |     |     |     |     |     |     |
+-----+-----+-----+-----+-----+-----+-----+-----+-----+
|     |     |     |     |     |     |     |     |     |
|  35 |     |     |  48 |     |  80 |     |     |  69 |
|     |     |     |     |     |     |     |     |     |
+-----+-----+-----+-----+-----+-----+-----+-----+-----+
|     |     |     |     |     |     |     |     |     |
|     |     |     |     |     |     |     |     |     |
|     |     |     |     |     |     |     |     |     |
+-----+-----+-----+-----+-----+-----+-----+-----+-----+
|     |     |     |     |     |     |     |     |     |
|  13 |     |     |     |     |     |     |     |  65 |
|     |     |     |     |     |     |     |     |     |
+-----+-----+-----+-----+-----+-----+-----+-----+-----+
|     |     |     |     |     |     |     |     |     |
|     |     |     |     |     |     |     |     |     |
|     |     |     |     |     |     |     |     |     |
+-----+-----+-----+-----+-----+-----+-----+-----+-----+
|     |     |     |     |     |     |     |     |     |
|  11 |     |     |  22 |     |  26 |     |     |  63 |
|     |     |     |     |     |     |     |     |     |
+-----+-----+-----+-----+-----+-----+-----+-----+-----+
|     |     |     |     |     |     |     |     |     |
|  10 |     |  20 |     |     |     |  60 |     |  62 |
|     |     |     |     |     |     |     |     |     |
+-----+-----+-----+-----+-----+-----+-----+-----+-----+
|     |     |     |     |     |     |     |     |     |
|   9 |   8 |   7 |     |   5 |     |   3 |   2 |   1 |
|     |     |     |     |     |     |     |     |     |
+-----+-----+-----+-----+-----+-----+-----+-----+-----+


Solution

  41  42  43  44  45  78  77  76  75

  40  39  38  47  46  79  72  73  74

  35  36  37  48  81  80  71  70  69

  34  33  32  49  50  53  54  67  68

  13  14  31  30  51  52  55  66  65

  12  15  16  29  28  27  56  57  64

  11  18  17  22  23  26  59  58  63

  10  19  20  21  24  25  60  61  62

   9   8   7   6   5   4   3   2   1

