Numbrix Puzzle
Created with the Numbrix Solver Generator by Joseph Larson
based on the Numbrix puzzle by Maryln Vos Savant.
Software version ver11Feb2009

Puzzle Code: 0909011234709673

+-----+-----+-----+-----+-----+-----+-----+-----+-----+
|     |     |     |     |     |     |     |     |     |
|  81 |  22 |  21 |  20 |  17 |  16 |   9 |   8 |   1 |
|     |     |     |     |     |     |     |     |     |
+-----+-----+-----+-----+-----+-----+-----+-----+-----+
|     |     |     |     |     |     |     |     |     |
|  80 |     |     |     |     |     |     |     |   2 |
|     |     |     |     |     |     |     |     |     |
+-----+-----+-----+-----+-----+-----+-----+-----+-----+
|     |     |     |     |     |     |     |     |     |
|  79 |     |     |     |     |     |     |     |   3 |
|     |     |     |     |     |     |     |     |     |
+-----+-----+-----+-----+-----+-----+-----+-----+-----+
|     |     |     |     |     |     |     |     |     |
|  78 |     |     |     |     |     |     |     |   4 |
|     |     |     |     |     |     |     |     |     |
+-----+-----+-----+-----+-----+-----+-----+-----+-----+
|     |     |     |     |     |     |     |     |     |
|  77 |     |     |     |     |     |     |     |  37 |
|     |     |     |     |     |     |     |     |     |
+-----+-----+-----+-----+-----+-----+-----+-----+-----+
|     |     |     |     |     |     |     |     |     |
|  74 |     |     |     |     |     |     |     |  38 |
|     |     |     |     |     |     |     |     |     |
+-----+-----+-----+-----+-----+-----+-----+-----+-----+
|     |     |     |     |     |     |     |     |     |
|  73 |     |     |     |     |     |     |     |  41 |
|     |     |     |     |     |     |     |     |     |
+-----+-----+-----+-----+-----+-----+-----+-----+-----+
|     |     |     |     |     |     |     |     |     |
|  70 |     |     |     |     |     |     |     |  42 |
|     |     |     |     |     |     |     |     |     |
+-----+-----+-----+-----+-----+-----+-----+-----+-----+
|     |     |     |     |     |     |     |     |     |
|  69 |  68 |  67 |  58 |  57 |  48 |  47 |  44 |  43 |
|     |     |     |     |     |     |     |     |     |
+-----+-----+-----+-----+-----+-----+-----+-----+-----+


Solution

  81  22  21  20  17  16   9   8   1

  80  23  24  19  18  15  10   7   2

  79  26  25  30  31  14  11   6   3

  78  27  28  29  32  13  12   5   4

  77  76  63  62  33  34  35  36  37

  74  75  64  61  54  53  52  39  38

  73  72  65  60  55  50  51  40  41

  70  71  66  59  56  49  46  45  42

  69  68  67  58  57  48  47  44  43

