Numbrix Puzzle
Created with the Numbrix Solver Generator by Joseph Larson
based on the Numbrix puzzle by Maryln Vos Savant.
Software version ver15Feb2009

Puzzle Code: 0909031234888616

+-----+-----+-----+-----+-----+-----+-----+-----+-----+
|     |     |     |     |     |     |     |     |     |
|  81 |     |   5 |     |     |     |   1 |     |  15 |
|     |     |     |     |     |     |     |     |     |
+-----+-----+-----+-----+-----+-----+-----+-----+-----+
|     |     |     |     |     |     |     |     |     |
|     |   7 |     |   9 |     |  11 |     |  13 |     |
|     |     |     |     |     |     |     |     |     |
+-----+-----+-----+-----+-----+-----+-----+-----+-----+
|     |     |     |     |     |     |     |     |     |
|     |     |     |     |     |     |     |     |     |
|     |     |     |     |     |     |     |     |     |
+-----+-----+-----+-----+-----+-----+-----+-----+-----+
|     |     |     |     |     |     |     |     |     |
|     |  73 |     |  69 |     |  45 |     |  23 |     |
|     |     |     |     |     |     |     |     |     |
+-----+-----+-----+-----+-----+-----+-----+-----+-----+
|     |     |     |     |     |     |     |     |     |
|  77 |     |     |     |  49 |     |     |     |  25 |
|     |     |     |     |     |     |     |     |     |
+-----+-----+-----+-----+-----+-----+-----+-----+-----+
|     |     |     |     |     |     |     |     |     |
|     |  75 |     |  51 |     |  43 |     |  27 |     |
|     |     |     |     |     |     |     |     |     |
+-----+-----+-----+-----+-----+-----+-----+-----+-----+
|     |     |     |     |     |     |     |     |     |
|     |     |     |     |     |     |     |     |     |
|     |     |     |     |     |     |     |     |     |
+-----+-----+-----+-----+-----+-----+-----+-----+-----+
|     |     |     |     |     |     |     |     |     |
|     |  59 |     |  53 |     |  39 |     |  35 |     |
|     |     |     |     |     |     |     |     |     |
+-----+-----+-----+-----+-----+-----+-----+-----+-----+
|     |     |     |     |     |     |     |     |     |
|  61 |     |  57 |     |     |     |  37 |     |  33 |
|     |     |     |     |     |     |     |     |     |
+-----+-----+-----+-----+-----+-----+-----+-----+-----+


Solution

  81   6   5   4   3   2   1  14  15

  80   7   8   9  10  11  12  13  16

  79  72  71  70  47  46  19  18  17

  78  73  68  69  48  45  20  23  24

  77  74  67  50  49  44  21  22  25

  76  75  66  51  42  43  28  27  26

  63  64  65  52  41  40  29  30  31

  62  59  58  53  54  39  36  35  32

  61  60  57  56  55  38  37  34  33

