Numbrix Puzzle
Created with the Numbrix Solver Generator by Joseph Larson
based on the Numbrix puzzle by Maryln Vos Savant.
Software version ver15Jan2009

Puzzle Code: 0909051232147254

+-----+-----+-----+-----+-----+-----+-----+-----+-----+
|     |     |     |     |     |     |     |     |     |
|  43 |     |     |     |     |     |     |     |  53 |
|     |     |     |     |     |     |     |     |     |
+-----+-----+-----+-----+-----+-----+-----+-----+-----+
|     |     |     |     |     |     |     |     |     |
|     |     |     |     |     |     |     |     |     |
|     |     |     |     |     |     |     |     |     |
+-----+-----+-----+-----+-----+-----+-----+-----+-----+
|     |     |     |     |     |     |     |     |     |
|     |     |     |     |  61 |     |     |     |     |
|     |     |     |     |     |     |     |     |     |
+-----+-----+-----+-----+-----+-----+-----+-----+-----+
|     |     |     |     |     |     |     |     |     |
|     |     |  34 |     |     |     |  68 |     |     |
|     |     |     |     |     |     |     |     |     |
+-----+-----+-----+-----+-----+-----+-----+-----+-----+
|     |     |     |     |     |     |     |     |     |
|     |     |     |  26 |     |  30 |     |     |     |
|     |     |     |     |     |     |     |     |     |
+-----+-----+-----+-----+-----+-----+-----+-----+-----+
|     |     |     |     |     |     |     |     |     |
|     |     |   2 |     |     |     |  72 |     |     |
|     |     |     |     |     |     |     |     |     |
+-----+-----+-----+-----+-----+-----+-----+-----+-----+
|     |     |     |     |     |     |     |     |     |
|     |     |     |     |  23 |     |     |     |     |
|     |     |     |     |     |     |     |     |     |
+-----+-----+-----+-----+-----+-----+-----+-----+-----+
|     |     |     |     |     |     |     |     |     |
|     |     |     |     |     |     |     |     |     |
|     |     |     |     |     |     |     |     |     |
+-----+-----+-----+-----+-----+-----+-----+-----+-----+
|     |     |     |     |     |     |     |     |     |
|   7 |     |     |     |     |     |     |     |  77 |
|     |     |     |     |     |     |     |     |     |
+-----+-----+-----+-----+-----+-----+-----+-----+-----+


Solution

  43  44  47  48  49  50  51  52  53

  42  45  46  59  58  57  56  55  54

  41  36  35  60  61  62  63  64  65

  40  37  34  33  32  31  68  67  66

  39  38   1  26  27  30  69  70  81

   4   3   2  25  28  29  72  71  80

   5  10  11  24  23  22  73  74  79

   6   9  12  15  16  21  20  75  78

   7   8  13  14  17  18  19  76  77

