Numbrix Puzzle
Created with the Numbrix Solver Generator by Joseph Larson
based on the Numbrix puzzle by Maryln Vos Savant.
Software version ver15Jan2009

Puzzle Code: 0909051234420541

+-----+-----+-----+-----+-----+-----+-----+-----+-----+
|     |     |     |     |     |     |     |     |     |
|     |     |     |     |     |     |     |     |     |
|     |     |     |     |     |     |     |     |     |
+-----+-----+-----+-----+-----+-----+-----+-----+-----+
|     |     |     |     |     |     |     |     |     |
|     |     |     |  19 |     |  29 |     |     |     |
|     |     |     |     |     |     |     |     |     |
+-----+-----+-----+-----+-----+-----+-----+-----+-----+
|     |     |     |     |     |     |     |     |     |
|     |     |     |  22 |     |  28 |     |     |     |
|     |     |     |     |     |     |     |     |     |
+-----+-----+-----+-----+-----+-----+-----+-----+-----+
|     |     |     |     |     |     |     |     |     |
|  14 |     |     |     |     |     |     |     |  34 |
|     |     |     |     |     |     |     |     |     |
+-----+-----+-----+-----+-----+-----+-----+-----+-----+
|     |     |     |     |     |     |     |     |     |
|     |     |  55 |     |     |     |  49 |     |     |
|     |     |     |     |     |     |     |     |     |
+-----+-----+-----+-----+-----+-----+-----+-----+-----+
|     |     |     |     |     |     |     |     |     |
|  60 |     |     |     |     |     |     |     |  36 |
|     |     |     |     |     |     |     |     |     |
+-----+-----+-----+-----+-----+-----+-----+-----+-----+
|     |     |     |     |     |     |     |     |     |
|     |     |     |  64 |     |  66 |     |     |     |
|     |     |     |     |     |     |     |     |     |
+-----+-----+-----+-----+-----+-----+-----+-----+-----+
|     |     |     |     |     |     |     |     |     |
|     |     |     |  79 |     |  81 |     |     |     |
|     |     |     |     |     |     |     |     |     |
+-----+-----+-----+-----+-----+-----+-----+-----+-----+
|     |     |     |     |     |     |     |     |     |
|     |     |     |     |     |     |     |     |     |
|     |     |     |     |     |     |     |     |     |
+-----+-----+-----+-----+-----+-----+-----+-----+-----+


Solution

   9   8   7   6   5   4   3   2   1

  10  11  18  19  20  29  30  31  32

  13  12  17  22  21  28  47  46  33

  14  15  16  23  24  27  48  45  34

  59  58  55  54  25  26  49  44  35

  60  57  56  53  52  51  50  43  36

  61  62  63  64  65  66  67  42  37

  76  77  78  79  80  81  68  41  38

  75  74  73  72  71  70  69  40  39

